您離開工程職務之最主要原因為何？,女性,男性,All
All,41,67,108
須照顧家人,6,3,9
恰處於工作銜接空檔,5,3,8
其他（請說明）,5,2,7
退休,4,17,21
本身健康因素,4,1,5
想找更穩定的職場,3,13,16
工作時間與家庭角色之衝突,3,1,4
公司組織調整（例如裁撤、縮編或退出本地市場）,2,5,7
升遷、薪資與工作分派之性別差異,2,2,4
成長學習空間太少,2,2,4
工作量過大或工作分配不公,1,4,5
沒有經濟壓力，不需工作/沒有工作意願,1,4,5
深造進修,1,4,5
薪資太低或不公平,1,4,5
升遷受阻,1,1,2
人際相處,0,1,1
